[[-0.00984783, -0.00978967],
 [-0.00988487, -0.0099982 ],
 [-0.0098498 , -0.00985112],
 [-0.00977619, -0.00992404],
 [-0.00979448, -0.00961135],
 [-0.01000776, -0.01000776],
 [-0.00807207, -0.00986945],
 [-0.00998618, -0.00998208],
 [-0.00994832, -0.00994832],
 [-0.00993625, -0.00995106],
 [-0.00954994, -0.00982419],
 [-0.0098889 , -0.0098889 ],
 [-0.00990692, -0.00994759],
 [-0.0095234 , -0.00998814],
 [-0.00978655, -0.00901118],
 [-0.0099034 , -0.00978004],
 [-0.00990642, -0.00997444],
 [-0.00965175, -0.00992063],
 [-0.00931989, -0.00931989],
 [-0.00960521, -0.00942271],
 [-0.00946186, -0.00966882],
 [-0.00994186, -0.00994186],
 [-0.00983466, -0.00959237],
 [-0.00940682, -0.00993633],
 [-0.00958088, -0.00964172],
 [-0.00905435, -0.00988888],
 [-0.00992647, -0.00992647],
 [-0.00997737, -0.00996514],
 [-0.00964774, -0.00987804],
 [-0.00969636, -0.00969636],
 [-0.00976375, -0.009724  ],
 [-0.00976499, -0.00976499],
 [-0.01004599, -0.01002502],
 [-0.00950414, -0.00939813],
 [-0.0099843 , -0.0099843 ],
 [-0.00923149, -0.00991303],
 [-0.00959866, -0.00979741],
 [-0.00968669, -0.0096185 ],
 [-0.0097059 , -0.00959385],
 [-0.00946538, -0.00973737],
 [-0.009397  , -0.00986837],
 [-0.00923311, -0.00979447],
 [-0.00993953, -0.00947175],
 [-0.00960358, -0.00997862],
 [-0.00960031, -0.00993727],
 [-0.00989462, -0.01003163],
 [-0.0095686 , -0.00971556],
 [-0.00996848, -0.00996661],
 [-0.00987952, -0.009881  ],
 [-0.00997128, -0.00997128],
 [ 0.00994186,  0.00959635],
 [ 0.00968346,  0.00968346],
 [ 0.00990384,  0.00947905],
 [ 0.0088741 ,  0.0087192 ],
 [ 0.00989739,  0.00971966],
 [ 0.0098223 ,  0.0098223 ],
 [ 0.0099601 ,  0.00930848],
 [ 0.00985346,  0.00976717],
 [ 0.00983512,  0.00983512],
 [ 0.00916256,  0.00998033],
 [ 0.01001092,  0.0098023 ],
 [ 0.00989651,  0.00927557],
 [ 0.00783819,  0.00990983],
 [ 0.00934278,  0.00997254],
 [ 0.00837143,  0.00970352],
 [ 0.0095218 ,  0.0095218 ],
 [ 0.00947298,  0.00994989],
 [ 0.00983843,  0.00983843],
 [ 0.00998861,  0.00978497],
 [ 0.00989038,  0.00989038],
 [ 0.00978558,  0.00949057],
 [ 0.00999437,  0.0098797 ],
 [ 0.00883042,  0.00989539],
 [ 0.00957862,  0.00939498],
 [ 0.01001575,  0.01006445],
 [ 0.00995558,  0.00976888],
 [ 0.0097298 ,  0.00930375],
 [ 0.00943954,  0.00988041],
 [ 0.00940655,  0.00942599],
 [ 0.00995486,  0.00954772],
 [ 0.00903377,  0.00977182],
 [ 0.00934121,  0.00987324],
 [ 0.00957417,  0.00979538],
 [ 0.0088856 ,  0.00944157],
 [ 0.00976713,  0.00980404],
 [ 0.00989629,  0.00959407],
 [ 0.00902785,  0.00974418],
 [ 0.00968345,  0.00968345],
 [ 0.00934966,  0.01003901],
 [ 0.00991108,  0.00987404],
 [ 0.00882865,  0.0096451 ],
 [ 0.00995668,  0.00995668],
 [ 0.00862592,  0.00951061],
 [ 0.00980938,  0.00990737],
 [ 0.00967451,  0.00967451],
 [ 0.0098598 ,  0.00975763],
 [ 0.00974757,  0.00976314],
 [ 0.00990979,  0.00993548],
 [ 0.00943029,  0.00993382],
 [ 0.0097882 ,  0.00975184]]